((41.79500149991982, 1.73451324838962), (41.89500149991982, 1.83451324838962))
((41.79500149991982, 1.83451324838962), (41.89500149991982, 1.93451324838962))
((41.79500149991982, 1.93451324838962), (41.89500149991982, 2.03451324838962))
((41.79500149991982, 2.03451324838962), (41.89500149991982, 2.13451324838962))
((41.79500149991982, 2.13451324838962), (41.89500149991982, 2.23451324838962))
((41.89500149991982, 1.73451324838962), (41.99500149991982, 1.83451324838962))
((41.89500149991982, 1.83451324838962), (41.99500149991982, 1.93451324838962))
((41.89500149991982, 1.93451324838962), (41.99500149991982, 2.03451324838962))
((41.89500149991982, 2.03451324838962), (41.99500149991982, 2.13451324838962))
((41.89500149991982, 2.13451324838962), (41.99500149991982, 2.23451324838962))
((41.99500149991982, 1.73451324838962), (42.09500149991982, 1.83451324838962))
((41.99500149991982, 1.83451324838962), (42.09500149991982, 1.93451324838962))
((41.99500149991982, 1.93451324838962), (42.09500149991982, 2.03451324838962))
((41.99500149991982, 2.03451324838962), (42.09500149991982, 2.13451324838962))
((41.99500149991982, 2.13451324838962), (42.09500149991982, 2.23451324838962))
((42.09500149991982, 1.73451324838962), (42.19500149991982, 1.83451324838962))
((42.09500149991982, 1.83451324838962), (42.19500149991982, 1.93451324838962))
((42.09500149991982, 1.93451324838962), (42.19500149991982, 2.03451324838962))
((42.09500149991982, 2.03451324838962), (42.19500149991982, 2.13451324838962))
((42.09500149991982, 2.13451324838962), (42.19500149991982, 2.23451324838962))
((42.19500149991983, 1.73451324838962), (42.29500149991983, 1.83451324838962))
((42.19500149991983, 1.83451324838962), (42.29500149991983, 1.93451324838962))
((42.19500149991983, 1.93451324838962), (42.29500149991983, 2.03451324838962))
((42.19500149991983, 2.03451324838962), (42.29500149991983, 2.13451324838962))
((42.19500149991983, 2.13451324838962), (42.29500149991983, 2.23451324838962))